0.0
0.08715574274765817
0.17364817766693033
0.25881904510252074
0.3420201433256687
0.42261826174069944
0.49999999999999994
0.573576436351046
0.6427876096865393
0.7071067811865475
0.766044443118978
0.8191520442889918
0.8660254037844386
0.9063077870366499
0.9396926207859083
0.9659258262890683
0.984807753012208
0.9961946980917455
1.0
0.9961946980917455
0.984807753012208
0.9659258262890683
0.9396926207859084
0.90630778703665
0.8660254037844387
0.819152044288992
0.766044443118978
0.7071067811865476
0.6427876096865395
0.5735764363510459
0.49999999999999994
0.4226182617406995
0.3420201433256689
0.258819045102521
0.17364817766693072
0.0871557427476582
1.2246467991473532E-16
-0.08715574274765794
-0.17364817766693047
-0.25881904510252035
-0.34202014332566866
-0.4226182617406993
-0.5000000000000001
-0.5735764363510458
-0.6427876096865393
-0.7071067811865475
-0.7660444431189779
-0.8191520442889916
-0.8660254037844385
-0.90630778703665
-0.9396926207859082
-0.9659258262890683
-0.984807753012208
-0.9961946980917455
-1.0
-0.9961946980917455
-0.9848077530122081
-0.9659258262890684
-0.9396926207859083
-0.9063077870366503
-0.8660254037844386
-0.8191520442889918
-0.7660444431189781
-0.7071067811865477
-0.6427876096865396
-0.5735764363510465
-0.5000000000000004
-0.4226182617406992
-0.34202014332566943
-0.2588190451025207
-0.1736481776669304
-0.08715574274765832
0.0
